{
  "tag": "synthetic_rig_scene",
  "ego_pose": {
    "translation": [
      0.0,
      0.0,
      0.0
    ],
    "yaw_rad": 0.0
  },
  "cameras": [
    {
      "name": "cam_front_left",
      "image_path": "./cam_front_left.png",
      "intrinsic": [
        [
          720.0,
          0.0,
          640.0
        ],
        [
          0.0,
          720.0,
          360.0
        ],
        [
          0.0,
          0.0,
          1.0
        ]
      ],
      "extrinsic_to_ego": {
        "translation": [
          1.9,
          0.35,
          1.45
        ],
        "rotation_matrix": [
          [
            0.4694715627858908,
            -0.12288255448340218,
            0.8743548075804278
          ],
          [
            -0.882947592858927,
            -0.06533781320548047,
            0.46490269780907095
          ],
          [
            -6.93889390390723e-18,
            -0.9902680687415703,
            -0.13917310096006544
          ]
        ]
      }
    },
    {
      "name": "cam_front_right",
      "image_path": "./cam_front_right.png",
      "intrinsic": [
        [
          720.0,
          0.0,
          640.0
        ],
        [
          0.0,
          720.0,
          360.0
        ],
        [
          0.0,
          0.0,
          1.0
        ]
      ],
      "extrinsic_to_ego": {
        "translation": [
          1.9,
          -0.35,
          1.45
        ],
        "rotation_matrix": [
          [
            -0.4694715627858908,
            -0.12288255448340218,
            0.8743548075804278
          ],
          [
            -0.882947592858927,
            0.06533781320548047,
            -0.46490269780907095
          ],
          [
            6.93889390390723e-18,
            -0.9902680687415703,
            -0.13917310096006544
          ]
        ]
      }
    },
    {
      "name": "cam_left_front",
      "image_path": "./cam_left_front.png",
      "intrinsic": [
        [
          720.0,
          0.0,
          640.0
        ],
        [
          0.0,
          720.0,
          360.0
        ],
        [
          0.0,
          0.0,
          1.0
        ]
      ],
      "extrinsic_to_ego": {
        "translation": [
          0.7,
          0.95,
          1.45
        ],
        "rotation_matrix": [
          [
            0.9993908270190958,
            0.0048570711780326365,
            -0.03455985719963842
          ],
          [
            0.034899496702500955,
            -0.13908832046729194,
            0.9896648241902407
          ],
          [
            -1.7347234759768075e-18,
            -0.9902680687415703,
            -0.13917310096006547
          ]
        ]
      }
    },
    {
      "name": "cam_left_rear",
      "image_path": "./cam_left_rear.png",
      "intrinsic": [
        [
          720.0,
          0.0,
          640.0
        ],
        [
          0.0,
          720.0,
          360.0
        ],
        [
          0.0,
          0.0,
          1.0
        ]
      ],
      "extrinsic_to_ego": {
        "translation": [
          -0.9,
          0.95,
          1.45
        ],
        "rotation_matrix": [
          [
            0.5735764363510459,
            0.11400393016147589,
            -0.8111801129037693
          ],
          [
            0.8191520442889919,
            -0.07982641128459868,
            0.5679944299010226
          ],
          [
            1.3877787807814457e-17,
            -0.9902680687415703,
            -0.13917310096006547
          ]
        ]
      }
    },
    {
      "name": "cam_right_front",
      "image_path": "./cam_right_front.png",
      "intrinsic": [
        [
          720.0,
          0.0,
          640.0
        ],
        [
          0.0,
          720.0,
          360.0
        ],
        [
          0.0,
          0.0,
          1.0
        ]
      ],
      "extrinsic_to_ego": {
        "translation": [
          0.7,
          -0.95,
          1.45
        ],
        "rotation_matrix": [
          [
            -0.9993908270190958,
            0.0048570711780326365,
            -0.03455985719963842
          ],
          [
            0.034899496702500955,
            0.13908832046729194,
            -0.9896648241902407
          ],
          [
            1.7347234759768075e-18,
            -0.9902680687415703,
            -0.13917310096006547
          ]
        ]
      }
    },
    {
      "name": "cam_right_rear",
      "image_path": "./cam_right_rear.png",
      "intrinsic": [
        [
          720.0,
          0.0,
          640.0
        ],
        [
          0.0,
          720.0,
          360.0
        ],
        [
          0.0,
          0.0,
          1.0
        ]
      ],
      "extrinsic_to_ego": {
        "translation": [
          -0.9,
          -0.95,
          1.45
        ],
        "rotation_matrix": [
          [
            -0.5735764363510459,
            0.11400393016147589,
            -0.8111801129037693
          ],
          [
            0.8191520442889919,
            0.07982641128459868,
            -0.5679944299010226
          ],
          [
            -1.3877787807814457e-17,
            -0.9902680687415703,
            -0.13917310096006547
          ]
        ]
      }
    },
    {
      "name": "cam_rear",
      "image_path": "./cam_rear.png",
      "intrinsic": [
        [
          720.0,
          0.0,
          640.0
        ],
        [
          0.0,
          720.0,
          360.0
        ],
        [
          0.0,
          0.0,
          1.0
        ]
      ],
      "extrinsic_to_ego": {
        "translation": [
          -1.9,
          0.0,
          1.45
        ],
        "rotation_matrix": [
          [
            1.224646799147353e-16,
            0.13917310096006547,
            -0.9902680687415704
          ],
          [
            1.0,
            -1.7043789261815557e-17,
            1.2127286206821952e-16
          ],
          [
            0.0,
            -0.9902680687415703,
            -0.13917310096006547
          ]
        ]
      }
    }
  ],
  "lidar": {
    "points_path": "./synthetic_lidar.npy",
    "extrinsic_to_ego": {
      "translation": [
        0.0,
        0.0,
        1.8
      ],
      "rotation_matrix": [
        [
          1.0,
          0.0,
          0.0
        ],
        [
          0.0,
          1.0,
          0.0
        ],
        [
          0.0,
          0.0,
          1.0
        ]
      ]
    }
  },
  "bboxes": [
    {
      "label": "car_gt",
      "center_ego": [
        18.0,
        0.4,
        0.85
      ],
      "size_lwh": [
        4.6,
        1.9,
        1.7
      ],
      "yaw_rad": 0.1
    },
    {
      "label": "car_left",
      "center_ego": [
        14.0,
        4.2,
        0.85
      ],
      "size_lwh": [
        4.6,
        1.9,
        1.7
      ],
      "yaw_rad": -0.08
    },
    {
      "label": "car_right",
      "center_ego": [
        16.0,
        -4.0,
        0.85
      ],
      "size_lwh": [
        4.6,
        1.9,
        1.7
      ],
      "yaw_rad": 0.05
    }
  ],
  "map": {
    "polylines_ego": [
      [
        [
          -28.0,
          -1.8,
          0.0
        ],
        [
          -10.0,
          -1.8,
          0.0
        ],
        [
          8.0,
          -1.8,
          0.0
        ],
        [
          26.0,
          -1.8,
          0.0
        ],
        [
          45.0,
          -1.8,
          0.0
        ]
      ],
      [
        [
          -28.0,
          1.8,
          0.0
        ],
        [
          -10.0,
          1.8,
          0.0
        ],
        [
          8.0,
          1.8,
          0.0
        ],
        [
          26.0,
          1.8,
          0.0
        ],
        [
          45.0,
          1.8,
          0.0
        ]
      ]
    ]
  }
}